   0.0000000e+00   2.1000000e+02   0.0000000e+00   5.3116148e+02   1.0513235e+02
   3.0000000e+01   2.1000000e+02   0.0000000e+00   5.3181613e+02   1.5618202e+02
   6.0000000e+01   2.1000000e+02   0.0000000e+00   5.3274347e+02   2.0873643e+02
   9.0000000e+01   2.1000000e+02   0.0000000e+00   5.3359413e+02   2.6247391e+02
   1.2000000e+02   2.1000000e+02   0.0000000e+00   5.3513265e+02   3.1790957e+02
   1.5000000e+02   2.1000000e+02   0.0000000e+00   5.3628245e+02   3.7467201e+02
   0.0000000e+00   1.8000000e+02   0.0000000e+00   4.7784508e+02   1.0267084e+02
   3.0000000e+01   1.8000000e+02   0.0000000e+00   4.7778044e+02   1.5390643e+02
   6.0000000e+01   1.8000000e+02   0.0000000e+00   4.7794896e+02   2.0647236e+02
   9.0000000e+01   1.8000000e+02   0.0000000e+00   4.7812547e+02   2.6006977e+02
   1.2000000e+02   1.8000000e+02   0.0000000e+00   4.7866394e+02   3.1542427e+02
   1.5000000e+02   1.8000000e+02   0.0000000e+00   4.7947948e+02   3.7216291e+02
   0.0000000e+00   1.5000000e+02   0.0000000e+00   4.2465777e+02   1.0051686e+02
   3.0000000e+01   1.5000000e+02   0.0000000e+00   4.2390187e+02   1.5156323e+02
   6.0000000e+01   1.5000000e+02   0.0000000e+00   4.2333320e+02   2.0421505e+02
   9.0000000e+01   1.5000000e+02   0.0000000e+00   4.2290921e+02   2.5758796e+02
   1.2000000e+02   1.5000000e+02   0.0000000e+00   4.2272391e+02   3.1273232e+02
   1.5000000e+02   1.5000000e+02   0.0000000e+00   4.2263298e+02   3.6944115e+02
   0.0000000e+00   1.2000000e+02   0.0000000e+00   3.7136543e+02   9.8235172e+01
   3.0000000e+01   1.2000000e+02   0.0000000e+00   3.7001806e+02   1.4938030e+02
   6.0000000e+01   1.2000000e+02   0.0000000e+00   3.6885984e+02   2.0164388e+02
   9.0000000e+01   1.2000000e+02   0.0000000e+00   3.6773313e+02   2.5521016e+02
   1.2000000e+02   1.2000000e+02   0.0000000e+00   3.6668375e+02   3.1032187e+02
   1.5000000e+02   1.2000000e+02   0.0000000e+00   3.6573604e+02   3.6673653e+02
   0.0000000e+00   9.0000000e+01   0.0000000e+00   3.1827283e+02   9.5762346e+01
   3.0000000e+01   9.0000000e+01   0.0000000e+00   3.1632382e+02   1.4680844e+02
   6.0000000e+01   9.0000000e+01   0.0000000e+00   3.1452460e+02   1.9931097e+02
   9.0000000e+01   9.0000000e+01   0.0000000e+00   3.1271512e+02   2.5271263e+02
   1.2000000e+02   9.0000000e+01   0.0000000e+00   3.1091640e+02   3.0777129e+02
   1.5000000e+02   9.0000000e+01   0.0000000e+00   3.0905534e+02   3.6427756e+02
   0.0000000e+00   6.0000000e+01   0.0000000e+00   2.6526317e+02   9.3316800e+01
   3.0000000e+01   6.0000000e+01   0.0000000e+00   2.6263344e+02   1.4444818e+02
   6.0000000e+01   6.0000000e+01   0.0000000e+00   2.6025358e+02   1.9672137e+02
   9.0000000e+01   6.0000000e+01   0.0000000e+00   2.5765227e+02   2.5035009e+02
   1.2000000e+02   6.0000000e+01   0.0000000e+00   2.5520728e+02   3.0545656e+02
   1.5000000e+02   6.0000000e+01   0.0000000e+00   2.5258989e+02   3.6191739e+02
   0.0000000e+00   3.0000000e+01   0.0000000e+00   2.1149208e+02   9.0507864e+01
   3.0000000e+01   3.0000000e+01   0.0000000e+00   2.0846414e+02   1.4169112e+02
   6.0000000e+01   3.0000000e+01   0.0000000e+00   2.0546940e+02   1.9438040e+02
   9.0000000e+01   3.0000000e+01   0.0000000e+00   2.0229305e+02   2.4770311e+02
   1.2000000e+02   3.0000000e+01   0.0000000e+00   1.9910551e+02   3.0293129e+02
   1.5000000e+02   3.0000000e+01   0.0000000e+00   1.9548450e+02   3.5966757e+02
   0.0000000e+00   0.0000000e+00   0.0000000e+00   1.5751927e+02   8.7508973e+01
   3.0000000e+01   0.0000000e+00   0.0000000e+00   1.5410170e+02   1.3884696e+02
   6.0000000e+01   0.0000000e+00   0.0000000e+00   1.5037104e+02   1.9157167e+02
   9.0000000e+01   0.0000000e+00   0.0000000e+00   1.4642022e+02   2.4537026e+02
   1.2000000e+02   0.0000000e+00   0.0000000e+00   1.4219801e+02   3.0062085e+02
   1.5000000e+02   0.0000000e+00   0.0000000e+00   1.3769183e+02   3.5767887e+02
