   0.0000000e+00   1.5000000e+02   0.0000000e+00   5.1834780e+02   3.9628676e+02
   3.0000000e+01   1.5000000e+02   0.0000000e+00   4.5784096e+02   3.8726532e+02
   6.0000000e+01   1.5000000e+02   0.0000000e+00   4.0099573e+02   3.7848491e+02
   9.0000000e+01   1.5000000e+02   0.0000000e+00   3.4740500e+02   3.7037771e+02
   1.2000000e+02   1.5000000e+02   0.0000000e+00   2.9658619e+02   3.6272846e+02
   1.5000000e+02   1.5000000e+02   0.0000000e+00   2.4883943e+02   3.5563139e+02
   1.8000000e+02   1.5000000e+02   0.0000000e+00   2.0303745e+02   3.4919005e+02
   2.1000000e+02   1.5000000e+02   0.0000000e+00   1.5940912e+02   3.4308724e+02
   0.0000000e+00   1.2000000e+02   0.0000000e+00   5.2292624e+02   3.3760751e+02
   3.0000000e+01   1.2000000e+02   0.0000000e+00   4.6232231e+02   3.3024765e+02
   6.0000000e+01   1.2000000e+02   0.0000000e+00   4.0551529e+02   3.2337685e+02
   9.0000000e+01   1.2000000e+02   0.0000000e+00   3.5184500e+02   3.1677878e+02
   1.2000000e+02   1.2000000e+02   0.0000000e+00   3.0143358e+02   3.1065459e+02
   1.5000000e+02   1.2000000e+02   0.0000000e+00   2.5351261e+02   3.0520924e+02
   1.8000000e+02   1.2000000e+02   0.0000000e+00   2.0776376e+02   2.9962559e+02
   2.1000000e+02   1.2000000e+02   0.0000000e+00   1.6424392e+02   2.9460406e+02
   0.0000000e+00   9.0000000e+01   0.0000000e+00   5.2754010e+02   2.7886007e+02
   3.0000000e+01   9.0000000e+01   0.0000000e+00   4.6689310e+02   2.7351127e+02
   6.0000000e+01   9.0000000e+01   0.0000000e+00   4.1011797e+02   2.6822738e+02
   9.0000000e+01   9.0000000e+01   0.0000000e+00   3.5653491e+02   2.6347084e+02
   1.2000000e+02   9.0000000e+01   0.0000000e+00   3.0612475e+02   2.5893028e+02
   1.5000000e+02   9.0000000e+01   0.0000000e+00   2.5837031e+02   2.5456959e+02
   1.8000000e+02   9.0000000e+01   0.0000000e+00   2.1256322e+02   2.5045988e+02
   2.1000000e+02   9.0000000e+01   0.0000000e+00   1.6912177e+02   2.4651420e+02
   0.0000000e+00   6.0000000e+01   0.0000000e+00   5.3242934e+02   2.2114307e+02
   3.0000000e+01   6.0000000e+01   0.0000000e+00   4.7182903e+02   2.1744955e+02
   6.0000000e+01   6.0000000e+01   0.0000000e+00   4.1489536e+02   2.1379036e+02
   9.0000000e+01   6.0000000e+01   0.0000000e+00   3.6138247e+02   2.1060833e+02
   1.2000000e+02   6.0000000e+01   0.0000000e+00   3.1078106e+02   2.0752185e+02
   1.5000000e+02   6.0000000e+01   0.0000000e+00   2.6310385e+02   2.0457164e+02
   1.8000000e+02   6.0000000e+01   0.0000000e+00   2.1732397e+02   2.0164122e+02
   2.1000000e+02   6.0000000e+01   0.0000000e+00   1.7376011e+02   1.9888836e+02
   0.0000000e+00   3.0000000e+01   0.0000000e+00   5.3726498e+02   1.6294604e+02
   3.0000000e+01   3.0000000e+01   0.0000000e+00   4.7669384e+02   1.6129202e+02
   6.0000000e+01   3.0000000e+01   0.0000000e+00   4.1972742e+02   1.5939863e+02
   9.0000000e+01   3.0000000e+01   0.0000000e+00   3.6621629e+02   1.5771790e+02
   1.2000000e+02   3.0000000e+01   0.0000000e+00   3.1561156e+02   1.5616745e+02
   1.5000000e+02   3.0000000e+01   0.0000000e+00   2.6767277e+02   1.5447408e+02
   1.8000000e+02   3.0000000e+01   0.0000000e+00   2.2188492e+02   1.5280785e+02
   2.1000000e+02   3.0000000e+01   0.0000000e+00   1.7832559e+02   1.5130210e+02
   0.0000000e+00   0.0000000e+00   0.0000000e+00   5.4228867e+02   1.0563250e+02
   3.0000000e+01   0.0000000e+00   0.0000000e+00   4.8183164e+02   1.0538255e+02
   6.0000000e+01   0.0000000e+00   0.0000000e+00   4.2473190e+02   1.0538681e+02
   9.0000000e+01   0.0000000e+00   0.0000000e+00   3.7103094e+02   1.0517207e+02
   1.2000000e+02   0.0000000e+00   0.0000000e+00   3.2037850e+02   1.0496354e+02
   1.5000000e+02   0.0000000e+00   0.0000000e+00   2.7241079e+02   1.0457388e+02
   1.8000000e+02   0.0000000e+00   0.0000000e+00   2.2651873e+02   1.0424816e+02
   2.1000000e+02   0.0000000e+00   0.0000000e+00   1.8270850e+02   1.0355099e+02
