   0.0000000e+00   2.1000000e+02   0.0000000e+00   4.6990389e+02   1.6860593e+02
   3.0000000e+01   2.1000000e+02   0.0000000e+00   4.6708511e+02   2.1439801e+02
   6.0000000e+01   2.1000000e+02   0.0000000e+00   4.6450993e+02   2.5990421e+02
   9.0000000e+01   2.1000000e+02   0.0000000e+00   4.6222660e+02   3.0473907e+02
   1.2000000e+02   2.1000000e+02   0.0000000e+00   4.6022983e+02   3.4939359e+02
   1.5000000e+02   2.1000000e+02   0.0000000e+00   4.5797798e+02   3.9356286e+02
   0.0000000e+00   1.8000000e+02   0.0000000e+00   4.2454141e+02   1.6691896e+02
   3.0000000e+01   1.8000000e+02   0.0000000e+00   4.2206532e+02   2.1283323e+02
   6.0000000e+01   1.8000000e+02   0.0000000e+00   4.1972994e+02   2.5855786e+02
   9.0000000e+01   1.8000000e+02   0.0000000e+00   4.1747608e+02   3.0351094e+02
   1.2000000e+02   1.8000000e+02   0.0000000e+00   4.1551001e+02   3.4830813e+02
   1.5000000e+02   1.8000000e+02   0.0000000e+00   4.1378117e+02   3.9269625e+02
   0.0000000e+00   1.5000000e+02   0.0000000e+00   3.7896741e+02   1.6534071e+02
   3.0000000e+01   1.5000000e+02   0.0000000e+00   3.7686401e+02   2.1137779e+02
   6.0000000e+01   1.5000000e+02   0.0000000e+00   3.7471565e+02   2.5727757e+02
   9.0000000e+01   1.5000000e+02   0.0000000e+00   3.7273380e+02   3.0235077e+02
   1.2000000e+02   1.5000000e+02   0.0000000e+00   3.7087102e+02   3.4737696e+02
   1.5000000e+02   1.5000000e+02   0.0000000e+00   3.6924278e+02   3.9182272e+02
   0.0000000e+00   1.2000000e+02   0.0000000e+00   3.3307377e+02   1.6342193e+02
   3.0000000e+01   1.2000000e+02   0.0000000e+00   3.3108817e+02   2.0962556e+02
   6.0000000e+01   1.2000000e+02   0.0000000e+00   3.2929030e+02   2.5573618e+02
   9.0000000e+01   1.2000000e+02   0.0000000e+00   3.2747945e+02   3.0127704e+02
   1.2000000e+02   1.2000000e+02   0.0000000e+00   3.2576399e+02   3.4635259e+02
   1.5000000e+02   1.2000000e+02   0.0000000e+00   3.2423475e+02   3.9119853e+02
   0.0000000e+00   9.0000000e+01   0.0000000e+00   2.8657153e+02   1.6146047e+02
   3.0000000e+01   9.0000000e+01   0.0000000e+00   2.8489914e+02   2.0815771e+02
   6.0000000e+01   9.0000000e+01   0.0000000e+00   2.8336972e+02   2.5454555e+02
   9.0000000e+01   9.0000000e+01   0.0000000e+00   2.8180222e+02   3.0020178e+02
   1.2000000e+02   9.0000000e+01   0.0000000e+00   2.8039538e+02   3.4551473e+02
   1.5000000e+02   9.0000000e+01   0.0000000e+00   2.7889319e+02   3.9052615e+02
   0.0000000e+00   6.0000000e+01   0.0000000e+00   2.3974945e+02   1.5946055e+02
   3.0000000e+01   6.0000000e+01   0.0000000e+00   2.3841351e+02   2.0643396e+02
   6.0000000e+01   6.0000000e+01   0.0000000e+00   2.3713479e+02   2.5327516e+02
   9.0000000e+01   6.0000000e+01   0.0000000e+00   2.3591368e+02   2.9894626e+02
   1.2000000e+02   6.0000000e+01   0.0000000e+00   2.3444366e+02   3.4463420e+02
   1.5000000e+02   6.0000000e+01   0.0000000e+00   2.3320987e+02   3.9024438e+02
   0.0000000e+00   3.0000000e+01   0.0000000e+00   1.9206150e+02   1.5749864e+02
   3.0000000e+01   3.0000000e+01   0.0000000e+00   1.9105600e+02   2.0477029e+02
   6.0000000e+01   3.0000000e+01   0.0000000e+00   1.8988325e+02   2.5177698e+02
   9.0000000e+01   3.0000000e+01   0.0000000e+00   1.8883026e+02   2.9813512e+02
   1.2000000e+02   3.0000000e+01   0.0000000e+00   1.8767492e+02   3.4420805e+02
   1.5000000e+02   3.0000000e+01   0.0000000e+00   1.8651317e+02   3.8990408e+02
   0.0000000e+00   0.0000000e+00   0.0000000e+00   1.4354658e+02   1.5533166e+02
   3.0000000e+01   0.0000000e+00   0.0000000e+00   1.4286432e+02   2.0314815e+02
   6.0000000e+01   0.0000000e+00   0.0000000e+00   1.4214632e+02   2.5045789e+02
   9.0000000e+01   0.0000000e+00   0.0000000e+00   1.4121376e+02   2.9719116e+02
   1.2000000e+02   0.0000000e+00   0.0000000e+00   1.4010361e+02   3.4360066e+02
   1.5000000e+02   0.0000000e+00   0.0000000e+00   1.3900353e+02   3.8981188e+02
