   0.0000000e+00   2.1000000e+02   0.0000000e+00   3.5840521e+02   1.9966529e+02
   3.0000000e+01   2.1000000e+02   0.0000000e+00   3.6959656e+02   2.2728451e+02
   6.0000000e+01   2.1000000e+02   0.0000000e+00   3.8168251e+02   2.5645706e+02
   9.0000000e+01   2.1000000e+02   0.0000000e+00   3.9456041e+02   2.8748632e+02
   1.2000000e+02   2.1000000e+02   0.0000000e+00   4.0848201e+02   3.2047805e+02
   1.5000000e+02   2.1000000e+02   0.0000000e+00   4.2320758e+02   3.5559245e+02
   0.0000000e+00   1.8000000e+02   0.0000000e+00   3.3108091e+02   1.9353084e+02
   3.0000000e+01   1.8000000e+02   0.0000000e+00   3.4199190e+02   2.2163706e+02
   6.0000000e+01   1.8000000e+02   0.0000000e+00   3.5351380e+02   2.5178701e+02
   9.0000000e+01   1.8000000e+02   0.0000000e+00   3.6583432e+02   2.8371833e+02
   1.2000000e+02   1.8000000e+02   0.0000000e+00   3.7914919e+02   3.1744611e+02
   1.5000000e+02   1.8000000e+02   0.0000000e+00   3.9348806e+02   3.5372950e+02
   0.0000000e+00   1.5000000e+02   0.0000000e+00   3.0232435e+02   1.8710073e+02
   3.0000000e+01   1.5000000e+02   0.0000000e+00   3.1254178e+02   2.1582650e+02
   6.0000000e+01   1.5000000e+02   0.0000000e+00   3.2364985e+02   2.4678352e+02
   9.0000000e+01   1.5000000e+02   0.0000000e+00   3.3543567e+02   2.7954911e+02
   1.2000000e+02   1.5000000e+02   0.0000000e+00   3.4816508e+02   3.1447102e+02
   1.5000000e+02   1.5000000e+02   0.0000000e+00   3.6156774e+02   3.5171922e+02
   0.0000000e+00   1.2000000e+02   0.0000000e+00   2.7149411e+02   1.8005292e+02
   3.0000000e+01   1.2000000e+02   0.0000000e+00   2.8127845e+02   2.0956544e+02
   6.0000000e+01   1.2000000e+02   0.0000000e+00   2.9155550e+02   2.4136610e+02
   9.0000000e+01   1.2000000e+02   0.0000000e+00   3.0267626e+02   2.7516864e+02
   1.2000000e+02   1.2000000e+02   0.0000000e+00   3.1463862e+02   3.1115521e+02
   1.5000000e+02   1.2000000e+02   0.0000000e+00   3.2760829e+02   3.4970606e+02
   0.0000000e+00   9.0000000e+01   0.0000000e+00   2.3874983e+02   1.7252220e+02
   3.0000000e+01   9.0000000e+01   0.0000000e+00   2.4773004e+02   2.0291948e+02
   6.0000000e+01   9.0000000e+01   0.0000000e+00   2.5741660e+02   2.3552714e+02
   9.0000000e+01   9.0000000e+01   0.0000000e+00   2.6772715e+02   2.7030236e+02
   1.2000000e+02   9.0000000e+01   0.0000000e+00   2.7892400e+02   3.0747158e+02
   1.5000000e+02   9.0000000e+01   0.0000000e+00   2.9101040e+02   3.4744149e+02
   0.0000000e+00   6.0000000e+01   0.0000000e+00   2.0394616e+02   1.6447434e+02
   3.0000000e+01   6.0000000e+01   0.0000000e+00   2.1218407e+02   1.9558385e+02
   6.0000000e+01   6.0000000e+01   0.0000000e+00   2.2077708e+02   2.2926707e+02
   9.0000000e+01   6.0000000e+01   0.0000000e+00   2.3036258e+02   2.6511388e+02
   1.2000000e+02   6.0000000e+01   0.0000000e+00   2.4044087e+02   3.0336483e+02
   1.5000000e+02   6.0000000e+01   0.0000000e+00   2.5160396e+02   3.4493056e+02
   0.0000000e+00   3.0000000e+01   0.0000000e+00   1.6627779e+02   1.5547401e+02
   3.0000000e+01   3.0000000e+01   0.0000000e+00   1.7345389e+02   1.8760396e+02
   6.0000000e+01   3.0000000e+01   0.0000000e+00   1.8137713e+02   2.2232670e+02
   9.0000000e+01   3.0000000e+01   0.0000000e+00   1.8971388e+02   2.5933348e+02
   1.2000000e+02   3.0000000e+01   0.0000000e+00   1.9871914e+02   2.9917004e+02
   1.5000000e+02   3.0000000e+01   0.0000000e+00   2.0848946e+02   3.4218616e+02
   0.0000000e+00   0.0000000e+00   0.0000000e+00   1.2548418e+02   1.4571920e+02
   3.0000000e+01   0.0000000e+00   0.0000000e+00   1.3167665e+02   1.7905899e+02
   6.0000000e+01   0.0000000e+00   0.0000000e+00   1.3847602e+02   2.1465738e+02
   9.0000000e+01   0.0000000e+00   0.0000000e+00   1.4553297e+02   2.5286801e+02
   1.2000000e+02   0.0000000e+00   0.0000000e+00   1.5322391e+02   2.9435336e+02
   1.5000000e+02   0.0000000e+00   0.0000000e+00   1.6152698e+02   3.3935544e+02
