   0.0000000e+00   1.5000000e+02   0.0000000e+00   5.0542261e+02   3.6848956e+02
   3.0000000e+01   1.5000000e+02   0.0000000e+00   4.5143451e+02   3.6971318e+02
   6.0000000e+01   1.5000000e+02   0.0000000e+00   3.9739836e+02   3.7083573e+02
   9.0000000e+01   1.5000000e+02   0.0000000e+00   3.4328893e+02   3.7212473e+02
   1.2000000e+02   1.5000000e+02   0.0000000e+00   2.8922691e+02   3.7335820e+02
   1.5000000e+02   1.5000000e+02   0.0000000e+00   2.3525803e+02   3.7462542e+02
   1.8000000e+02   1.5000000e+02   0.0000000e+00   1.8032594e+02   3.7613061e+02
   2.1000000e+02   1.5000000e+02   0.0000000e+00   1.2479985e+02   3.7780250e+02
   0.0000000e+00   1.2000000e+02   0.0000000e+00   4.9346841e+02   3.2256956e+02
   3.0000000e+01   1.2000000e+02   0.0000000e+00   4.4166022e+02   3.2354220e+02
   6.0000000e+01   1.2000000e+02   0.0000000e+00   3.9030300e+02   3.2476271e+02
   9.0000000e+01   1.2000000e+02   0.0000000e+00   3.3867947e+02   3.2584415e+02
   1.2000000e+02   1.2000000e+02   0.0000000e+00   2.8732852e+02   3.2715136e+02
   1.5000000e+02   1.2000000e+02   0.0000000e+00   2.3575080e+02   3.2819148e+02
   1.8000000e+02   1.2000000e+02   0.0000000e+00   1.8373549e+02   3.2931007e+02
   2.1000000e+02   1.2000000e+02   0.0000000e+00   1.3100195e+02   3.3060415e+02
   0.0000000e+00   9.0000000e+01   0.0000000e+00   4.8232952e+02   2.8063290e+02
   3.0000000e+01   9.0000000e+01   0.0000000e+00   4.3301197e+02   2.8179291e+02
   6.0000000e+01   9.0000000e+01   0.0000000e+00   3.8403543e+02   2.8264764e+02
   9.0000000e+01   9.0000000e+01   0.0000000e+00   3.3483557e+02   2.8389619e+02
   1.2000000e+02   9.0000000e+01   0.0000000e+00   2.8559875e+02   2.8491108e+02
   1.5000000e+02   9.0000000e+01   0.0000000e+00   2.3643858e+02   2.8586273e+02
   1.8000000e+02   9.0000000e+01   0.0000000e+00   1.8674397e+02   2.8670752e+02
   2.1000000e+02   9.0000000e+01   0.0000000e+00   1.3659277e+02   2.8771957e+02
   0.0000000e+00   6.0000000e+01   0.0000000e+00   4.7246152e+02   2.4241762e+02
   3.0000000e+01   6.0000000e+01   0.0000000e+00   4.2525708e+02   2.4349500e+02
   6.0000000e+01   6.0000000e+01   0.0000000e+00   3.7832743e+02   2.4447550e+02
   9.0000000e+01   6.0000000e+01   0.0000000e+00   3.3135386e+02   2.4549490e+02
   1.2000000e+02   6.0000000e+01   0.0000000e+00   2.8418050e+02   2.4644476e+02
   1.5000000e+02   6.0000000e+01   0.0000000e+00   2.3700401e+02   2.4734405e+02
   1.8000000e+02   6.0000000e+01   0.0000000e+00   1.8949518e+02   2.4820789e+02
   2.1000000e+02   6.0000000e+01   0.0000000e+00   1.4158005e+02   2.4886192e+02
   0.0000000e+00   3.0000000e+01   0.0000000e+00   4.6346520e+02   2.0713761e+02
   3.0000000e+01   3.0000000e+01   0.0000000e+00   4.1828796e+02   2.0812111e+02
   6.0000000e+01   3.0000000e+01   0.0000000e+00   3.7319295e+02   2.0907124e+02
   9.0000000e+01   3.0000000e+01   0.0000000e+00   3.2799047e+02   2.0978771e+02
   1.2000000e+02   3.0000000e+01   0.0000000e+00   2.8269701e+02   2.1072050e+02
   1.5000000e+02   3.0000000e+01   0.0000000e+00   2.3761008e+02   2.1152976e+02
   1.8000000e+02   3.0000000e+01   0.0000000e+00   1.9191080e+02   2.1236926e+02
   2.1000000e+02   3.0000000e+01   0.0000000e+00   1.4605385e+02   2.1286517e+02
   0.0000000e+00   0.0000000e+00   0.0000000e+00   4.5534712e+02   1.7456543e+02
   3.0000000e+01   0.0000000e+00   0.0000000e+00   4.1164420e+02   1.7554313e+02
   6.0000000e+01   0.0000000e+00   0.0000000e+00   3.6840308e+02   1.7650498e+02
   9.0000000e+01   0.0000000e+00   0.0000000e+00   3.2501305e+02   1.7733977e+02
   1.2000000e+02   0.0000000e+00   0.0000000e+00   2.8154372e+02   1.7824307e+02
   1.5000000e+02   0.0000000e+00   0.0000000e+00   2.3818502e+02   1.7871694e+02
   1.8000000e+02   0.0000000e+00   0.0000000e+00   1.9424388e+02   1.7947337e+02
   2.1000000e+02   0.0000000e+00   0.0000000e+00   1.5000183e+02   1.7994013e+02
