   0.0000000e+00   2.1000000e+02   0.0000000e+00   4.6636837e+02   9.9899970e+01
   3.0000000e+01   2.1000000e+02   0.0000000e+00   4.5589161e+02   1.3656280e+02
   6.0000000e+01   2.1000000e+02   0.0000000e+00   4.4461867e+02   1.7635406e+02
   9.0000000e+01   2.1000000e+02   0.0000000e+00   4.3266720e+02   2.1891004e+02
   1.2000000e+02   2.1000000e+02   0.0000000e+00   4.1980968e+02   2.6532621e+02
   1.5000000e+02   2.1000000e+02   0.0000000e+00   4.0583049e+02   3.1580362e+02
   0.0000000e+00   1.8000000e+02   0.0000000e+00   4.1739087e+02   1.0442741e+02
   3.0000000e+01   1.8000000e+02   0.0000000e+00   4.0556161e+02   1.3989866e+02
   6.0000000e+01   1.8000000e+02   0.0000000e+00   3.9286881e+02   1.7804240e+02
   9.0000000e+01   1.8000000e+02   0.0000000e+00   3.7949769e+02   2.1881725e+02
   1.2000000e+02   1.8000000e+02   0.0000000e+00   3.6480823e+02   2.6316246e+02
   1.5000000e+02   1.8000000e+02   0.0000000e+00   3.4920464e+02   3.1135214e+02
   0.0000000e+00   1.5000000e+02   0.0000000e+00   3.7197428e+02   1.0854949e+02
   3.0000000e+01   1.5000000e+02   0.0000000e+00   3.5909191e+02   1.4272444e+02
   6.0000000e+01   1.5000000e+02   0.0000000e+00   3.4538535e+02   1.7947781e+02
   9.0000000e+01   1.5000000e+02   0.0000000e+00   3.3062862e+02   2.1882388e+02
   1.2000000e+02   1.5000000e+02   0.0000000e+00   3.1482617e+02   2.6133362e+02
   1.5000000e+02   1.5000000e+02   0.0000000e+00   2.9761273e+02   3.0726069e+02
   0.0000000e+00   1.2000000e+02   0.0000000e+00   3.2967344e+02   1.1243791e+02
   3.0000000e+01   1.2000000e+02   0.0000000e+00   3.1594786e+02   1.4541554e+02
   6.0000000e+01   1.2000000e+02   0.0000000e+00   3.0118323e+02   1.8082113e+02
   9.0000000e+01   1.2000000e+02   0.0000000e+00   2.8554810e+02   2.1867011e+02
   1.2000000e+02   1.2000000e+02   0.0000000e+00   2.6839406e+02   2.5948579e+02
   1.5000000e+02   1.2000000e+02   0.0000000e+00   2.5004333e+02   3.0356017e+02
   0.0000000e+00   9.0000000e+01   0.0000000e+00   2.9043282e+02   1.1577610e+02
   3.0000000e+01   9.0000000e+01   0.0000000e+00   2.7577358e+02   1.4778757e+02
   6.0000000e+01   9.0000000e+01   0.0000000e+00   2.6016644e+02   1.8215821e+02
   9.0000000e+01   9.0000000e+01   0.0000000e+00   2.4356495e+02   2.1858626e+02
   1.2000000e+02   9.0000000e+01   0.0000000e+00   2.2564561e+02   2.5774032e+02
   1.5000000e+02   9.0000000e+01   0.0000000e+00   2.0643710e+02   2.9988272e+02
   0.0000000e+00   6.0000000e+01   0.0000000e+00   2.5360571e+02   1.1877991e+02
   3.0000000e+01   6.0000000e+01   0.0000000e+00   2.3853129e+02   1.4980153e+02
   6.0000000e+01   6.0000000e+01   0.0000000e+00   2.2208153e+02   1.8311042e+02
   9.0000000e+01   6.0000000e+01   0.0000000e+00   2.0462090e+02   2.1837852e+02
   1.2000000e+02   6.0000000e+01   0.0000000e+00   1.8592800e+02   2.5604386e+02
   1.5000000e+02   6.0000000e+01   0.0000000e+00   1.6582742e+02   2.9661756e+02
   0.0000000e+00   3.0000000e+01   0.0000000e+00   2.1884168e+02   1.2166454e+02
   3.0000000e+01   3.0000000e+01   0.0000000e+00   2.0303955e+02   1.5181877e+02
   6.0000000e+01   3.0000000e+01   0.0000000e+00   1.8621627e+02   1.8389868e+02
   9.0000000e+01   3.0000000e+01   0.0000000e+00   1.6815999e+02   2.1790550e+02
   1.2000000e+02   3.0000000e+01   0.0000000e+00   1.4870369e+02   2.5443507e+02
   1.5000000e+02   3.0000000e+01   0.0000000e+00   1.2763103e+02   2.9355227e+02
   0.0000000e+00   0.0000000e+00   0.0000000e+00   1.8620137e+02   1.2425730e+02
   3.0000000e+01   0.0000000e+00   0.0000000e+00   1.6979938e+02   1.5346411e+02
   6.0000000e+01   0.0000000e+00   0.0000000e+00   1.5241848e+02   1.8457815e+02
   9.0000000e+01   0.0000000e+00   0.0000000e+00   1.3374517e+02   2.1752809e+02
   1.2000000e+02   0.0000000e+00   0.0000000e+00   1.1360013e+02   2.5271539e+02
   1.5000000e+02   0.0000000e+00   0.0000000e+00   9.2080356e+01   2.9062252e+02
