   0.0000000e+00   2.1000000e+02   0.0000000e+00   5.5357973e+02   1.1537273e+02
   3.0000000e+01   2.1000000e+02   0.0000000e+00   5.3809878e+02   1.7572888e+02
   6.0000000e+01   2.1000000e+02   0.0000000e+00   5.2279372e+02   2.3366245e+02
   9.0000000e+01   2.1000000e+02   0.0000000e+00   5.0868417e+02   2.8832739e+02
   1.2000000e+02   2.1000000e+02   0.0000000e+00   4.9522205e+02   3.4061267e+02
   1.5000000e+02   2.1000000e+02   0.0000000e+00   4.8240529e+02   3.9034232e+02
   0.0000000e+00   1.8000000e+02   0.0000000e+00   5.0396575e+02   1.0479793e+02
   3.0000000e+01   1.8000000e+02   0.0000000e+00   4.9028523e+02   1.6200573e+02
   6.0000000e+01   1.8000000e+02   0.0000000e+00   4.7723685e+02   2.1660476e+02
   9.0000000e+01   1.8000000e+02   0.0000000e+00   4.6469257e+02   2.6816902e+02
   1.2000000e+02   1.8000000e+02   0.0000000e+00   4.5306760e+02   3.1744192e+02
   1.5000000e+02   1.8000000e+02   0.0000000e+00   4.4208388e+02   3.6492218e+02
   0.0000000e+00   1.5000000e+02   0.0000000e+00   4.6014987e+02   9.5815685e+01
   3.0000000e+01   1.5000000e+02   0.0000000e+00   4.4834789e+02   1.4973667e+02
   6.0000000e+01   1.5000000e+02   0.0000000e+00   4.3677836e+02   2.0141512e+02
   9.0000000e+01   1.5000000e+02   0.0000000e+00   4.2616593e+02   2.5040713e+02
   1.2000000e+02   1.5000000e+02   0.0000000e+00   4.1597926e+02   2.9740245e+02
   1.5000000e+02   1.5000000e+02   0.0000000e+00   4.0605679e+02   3.4233005e+02
   0.0000000e+00   1.2000000e+02   0.0000000e+00   4.2137442e+02   8.7687514e+01
   3.0000000e+01   1.2000000e+02   0.0000000e+00   4.1075072e+02   1.3895354e+02
   6.0000000e+01   1.2000000e+02   0.0000000e+00   4.0099466e+02   1.8808596e+02
   9.0000000e+01   1.2000000e+02   0.0000000e+00   3.9151751e+02   2.3450068e+02
   1.2000000e+02   1.2000000e+02   0.0000000e+00   3.8246676e+02   2.7923432e+02
   1.5000000e+02   1.2000000e+02   0.0000000e+00   3.7375863e+02   3.2236467e+02
   0.0000000e+00   9.0000000e+01   0.0000000e+00   3.8661446e+02   8.0637491e+01
   3.0000000e+01   9.0000000e+01   0.0000000e+00   3.7756297e+02   1.2932861e+02
   6.0000000e+01   9.0000000e+01   0.0000000e+00   3.6886633e+02   1.7587068e+02
   9.0000000e+01   9.0000000e+01   0.0000000e+00   3.6058655e+02   2.2031918e+02
   1.2000000e+02   9.0000000e+01   0.0000000e+00   3.5262869e+02   2.6306233e+02
   1.5000000e+02   9.0000000e+01   0.0000000e+00   3.4469429e+02   3.0423911e+02
   0.0000000e+00   6.0000000e+01   0.0000000e+00   3.5558546e+02   7.4204344e+01
   3.0000000e+01   6.0000000e+01   0.0000000e+00   3.4766822e+02   1.2055564e+02
   6.0000000e+01   6.0000000e+01   0.0000000e+00   3.4005365e+02   1.6510937e+02
   9.0000000e+01   6.0000000e+01   0.0000000e+00   3.3253404e+02   2.0748170e+02
   1.2000000e+02   6.0000000e+01   0.0000000e+00   3.2542812e+02   2.4832445e+02
   1.5000000e+02   6.0000000e+01   0.0000000e+00   3.1852295e+02   2.8812676e+02
   0.0000000e+00   3.0000000e+01   0.0000000e+00   3.2748485e+02   6.8364357e+01
   3.0000000e+01   3.0000000e+01   0.0000000e+00   3.2041996e+02   1.1261638e+02
   6.0000000e+01   3.0000000e+01   0.0000000e+00   3.1356886e+02   1.5522985e+02
   9.0000000e+01   3.0000000e+01   0.0000000e+00   3.0681189e+02   1.9573433e+02
   1.2000000e+02   3.0000000e+01   0.0000000e+00   3.0055036e+02   2.3520830e+02
   1.5000000e+02   3.0000000e+01   0.0000000e+00   2.9438837e+02   2.7317903e+02
   0.0000000e+00   0.0000000e+00   0.0000000e+00   3.0189813e+02   6.2966222e+01
   3.0000000e+01   0.0000000e+00   0.0000000e+00   2.9562074e+02   1.0535318e+02
   6.0000000e+01   0.0000000e+00   0.0000000e+00   2.8943986e+02   1.4611920e+02
   9.0000000e+01   0.0000000e+00   0.0000000e+00   2.8364953e+02   1.8509308e+02
   1.2000000e+02   0.0000000e+00   0.0000000e+00   2.7773124e+02   2.2297723e+02
   1.5000000e+02   0.0000000e+00   0.0000000e+00   2.7233042e+02   2.5962560e+02
