   0.0000000e+00   2.1000000e+02   0.0000000e+00   5.6235973e+02   9.6677399e+01
   3.0000000e+01   2.1000000e+02   0.0000000e+00   5.4957129e+02   1.5086909e+02
   6.0000000e+01   2.1000000e+02   0.0000000e+00   5.3759112e+02   2.0136508e+02
   9.0000000e+01   2.1000000e+02   0.0000000e+00   5.2676899e+02   2.4709081e+02
   1.2000000e+02   2.1000000e+02   0.0000000e+00   5.1716331e+02   2.8945876e+02
   1.5000000e+02   2.1000000e+02   0.0000000e+00   5.0791530e+02   3.2856195e+02
   0.0000000e+00   1.8000000e+02   0.0000000e+00   5.0161860e+02   9.4319974e+01
   3.0000000e+01   1.8000000e+02   0.0000000e+00   4.9119118e+02   1.4860368e+02
   6.0000000e+01   1.8000000e+02   0.0000000e+00   4.8176568e+02   1.9852928e+02
   9.0000000e+01   1.8000000e+02   0.0000000e+00   4.7322177e+02   2.4417107e+02
   1.2000000e+02   1.8000000e+02   0.0000000e+00   4.6547367e+02   2.8630825e+02
   1.5000000e+02   1.8000000e+02   0.0000000e+00   4.5853708e+02   3.2537234e+02
   0.0000000e+00   1.5000000e+02   0.0000000e+00   4.4124840e+02   9.2291399e+01
   3.0000000e+01   1.5000000e+02   0.0000000e+00   4.3358769e+02   1.4634565e+02
   6.0000000e+01   1.5000000e+02   0.0000000e+00   4.2659601e+02   1.9589917e+02
   9.0000000e+01   1.5000000e+02   0.0000000e+00   4.2043066e+02   2.4128846e+02
   1.2000000e+02   1.5000000e+02   0.0000000e+00   4.1481022e+02   2.8331702e+02
   1.5000000e+02   1.5000000e+02   0.0000000e+00   4.0971933e+02   3.2212294e+02
   0.0000000e+00   1.2000000e+02   0.0000000e+00   3.8179020e+02   9.0345080e+01
   3.0000000e+01   1.2000000e+02   0.0000000e+00   3.7682347e+02   1.4420108e+02
   6.0000000e+01   1.2000000e+02   0.0000000e+00   3.7239426e+02   1.9341391e+02
   9.0000000e+01   1.2000000e+02   0.0000000e+00   3.6846770e+02   2.3846127e+02
   1.2000000e+02   1.2000000e+02   0.0000000e+00   3.6477427e+02   2.8030209e+02
   1.5000000e+02   1.2000000e+02   0.0000000e+00   3.6150118e+02   3.1917752e+02
   0.0000000e+00   9.0000000e+01   0.0000000e+00   3.2335636e+02   8.8371527e+01
   3.0000000e+01   9.0000000e+01   0.0000000e+00   3.2110405e+02   1.4178478e+02
   6.0000000e+01   9.0000000e+01   0.0000000e+00   3.1908054e+02   1.9077553e+02
   9.0000000e+01   9.0000000e+01   0.0000000e+00   3.1714199e+02   2.3582253e+02
   1.2000000e+02   9.0000000e+01   0.0000000e+00   3.1552879e+02   2.7751438e+02
   1.5000000e+02   9.0000000e+01   0.0000000e+00   3.1405755e+02   3.1631358e+02
   0.0000000e+00   6.0000000e+01   0.0000000e+00   2.6584261e+02   8.6180198e+01
   3.0000000e+01   6.0000000e+01   0.0000000e+00   2.6613723e+02   1.3950030e+02
   6.0000000e+01   6.0000000e+01   0.0000000e+00   2.6642839e+02   1.8851930e+02
   9.0000000e+01   6.0000000e+01   0.0000000e+00   2.6655953e+02   2.3344455e+02
   1.2000000e+02   6.0000000e+01   0.0000000e+00   2.6675878e+02   2.7484986e+02
   1.5000000e+02   6.0000000e+01   0.0000000e+00   2.6723311e+02   3.1360188e+02
   0.0000000e+00   3.0000000e+01   0.0000000e+00   2.0845807e+02   8.3854829e+01
   3.0000000e+01   3.0000000e+01   0.0000000e+00   2.1137602e+02   1.3736484e+02
   6.0000000e+01   3.0000000e+01   0.0000000e+00   2.1395844e+02   1.8633136e+02
   9.0000000e+01   3.0000000e+01   0.0000000e+00   2.1625502e+02   2.3080187e+02
   1.2000000e+02   3.0000000e+01   0.0000000e+00   2.1843496e+02   2.7249400e+02
   1.5000000e+02   3.0000000e+01   0.0000000e+00   2.2043264e+02   3.1085805e+02
   0.0000000e+00   0.0000000e+00   0.0000000e+00   1.5155349e+02   8.1606872e+01
   3.0000000e+01   0.0000000e+00   0.0000000e+00   1.5705558e+02   1.3497137e+02
   6.0000000e+01   0.0000000e+00   0.0000000e+00   1.6202320e+02   1.8377041e+02
   9.0000000e+01   0.0000000e+00   0.0000000e+00   1.6641829e+02   2.2851426e+02
   1.2000000e+02   0.0000000e+00   0.0000000e+00   1.7045388e+02   2.7015891e+02
   1.5000000e+02   0.0000000e+00   0.0000000e+00   1.7423161e+02   3.0853905e+02
