   0.0000000e+00   2.1000000e+02   0.0000000e+00   4.5663352e+02   1.1529437e+02
   3.0000000e+01   2.1000000e+02   0.0000000e+00   4.6646052e+02   1.5209840e+02
   6.0000000e+01   2.1000000e+02   0.0000000e+00   4.7660339e+02   1.8986464e+02
   9.0000000e+01   2.1000000e+02   0.0000000e+00   4.8721802e+02   2.2841345e+02
   1.2000000e+02   2.1000000e+02   0.0000000e+00   4.9833133e+02   2.6800478e+02
   1.5000000e+02   2.1000000e+02   0.0000000e+00   5.0962290e+02   3.0865246e+02
   0.0000000e+00   1.8000000e+02   0.0000000e+00   4.2536084e+02   1.1498372e+02
   3.0000000e+01   1.8000000e+02   0.0000000e+00   4.3498926e+02   1.5287732e+02
   6.0000000e+01   1.8000000e+02   0.0000000e+00   4.4510255e+02   1.9174021e+02
   9.0000000e+01   1.8000000e+02   0.0000000e+00   4.5547187e+02   2.3154932e+02
   1.2000000e+02   1.8000000e+02   0.0000000e+00   4.6644942e+02   2.7233482e+02
   1.5000000e+02   1.8000000e+02   0.0000000e+00   4.7783648e+02   3.1393636e+02
   0.0000000e+00   1.5000000e+02   0.0000000e+00   3.9237361e+02   1.1474651e+02
   3.0000000e+01   1.5000000e+02   0.0000000e+00   4.0176705e+02   1.5361649e+02
   6.0000000e+01   1.5000000e+02   0.0000000e+00   4.1180958e+02   1.9377610e+02
   9.0000000e+01   1.5000000e+02   0.0000000e+00   4.2212815e+02   2.3447675e+02
   1.2000000e+02   1.5000000e+02   0.0000000e+00   4.3290622e+02   2.7653871e+02
   1.5000000e+02   1.5000000e+02   0.0000000e+00   4.4418707e+02   3.1965376e+02
   0.0000000e+00   1.2000000e+02   0.0000000e+00   3.5748006e+02   1.1448810e+02
   3.0000000e+01   1.2000000e+02   0.0000000e+00   3.6696621e+02   1.5445139e+02
   6.0000000e+01   1.2000000e+02   0.0000000e+00   3.7664256e+02   1.9572733e+02
   9.0000000e+01   1.2000000e+02   0.0000000e+00   3.8689249e+02   2.3788883e+02
   1.2000000e+02   1.2000000e+02   0.0000000e+00   3.9738805e+02   2.8134416e+02
   1.5000000e+02   1.2000000e+02   0.0000000e+00   4.0845374e+02   3.2568851e+02
   0.0000000e+00   9.0000000e+01   0.0000000e+00   3.2060582e+02   1.1427121e+02
   3.0000000e+01   9.0000000e+01   0.0000000e+00   3.2989006e+02   1.5548249e+02
   6.0000000e+01   9.0000000e+01   0.0000000e+00   3.3952324e+02   1.9807042e+02
   9.0000000e+01   9.0000000e+01   0.0000000e+00   3.4952860e+02   2.4148160e+02
   1.2000000e+02   9.0000000e+01   0.0000000e+00   3.5985484e+02   2.8613612e+02
   1.5000000e+02   9.0000000e+01   0.0000000e+00   3.7053866e+02   3.3212193e+02
   0.0000000e+00   6.0000000e+01   0.0000000e+00   2.8157918e+02   1.1354924e+02
   3.0000000e+01   6.0000000e+01   0.0000000e+00   2.9074552e+02   1.5627608e+02
   6.0000000e+01   6.0000000e+01   0.0000000e+00   3.0022550e+02   2.0030182e+02
   9.0000000e+01   6.0000000e+01   0.0000000e+00   3.0986219e+02   2.4517256e+02
   1.2000000e+02   6.0000000e+01   0.0000000e+00   3.1994252e+02   2.9146638e+02
   1.5000000e+02   6.0000000e+01   0.0000000e+00   3.3061007e+02   3.3905282e+02
   0.0000000e+00   3.0000000e+01   0.0000000e+00   2.3983742e+02   1.1314687e+02
   3.0000000e+01   3.0000000e+01   0.0000000e+00   2.4874329e+02   1.5723410e+02
   6.0000000e+01   3.0000000e+01   0.0000000e+00   2.5785663e+02   2.0259676e+02
   9.0000000e+01   3.0000000e+01   0.0000000e+00   2.6737082e+02   2.4882843e+02
   1.2000000e+02   3.0000000e+01   0.0000000e+00   2.7731785e+02   2.9709003e+02
   1.5000000e+02   3.0000000e+01   0.0000000e+00   2.8746609e+02   3.4631119e+02
   0.0000000e+00   0.0000000e+00   0.0000000e+00   1.9534732e+02   1.1229396e+02
   3.0000000e+01   0.0000000e+00   0.0000000e+00   2.0403258e+02   1.5790317e+02
   6.0000000e+01   0.0000000e+00   0.0000000e+00   2.1306805e+02   2.0500020e+02
   9.0000000e+01   0.0000000e+00   0.0000000e+00   2.2206600e+02   2.5309288e+02
   1.2000000e+02   0.0000000e+00   0.0000000e+00   2.3152681e+02   3.0301363e+02
   1.5000000e+02   0.0000000e+00   0.0000000e+00   2.4148442e+02   3.5425731e+02
