   0.0000000e+00   2.1000000e+02   0.0000000e+00   3.2284240e+02   1.4398374e+02
   3.0000000e+01   2.1000000e+02   0.0000000e+00   3.3232520e+02   1.7428449e+02
   6.0000000e+01   2.1000000e+02   0.0000000e+00   3.4184812e+02   2.0508298e+02
   9.0000000e+01   2.1000000e+02   0.0000000e+00   3.5147830e+02   2.3556171e+02
   1.2000000e+02   2.1000000e+02   0.0000000e+00   3.6130313e+02   2.6622835e+02
   1.5000000e+02   2.1000000e+02   0.0000000e+00   3.7094333e+02   2.9691827e+02
   0.0000000e+00   1.8000000e+02   0.0000000e+00   3.0494916e+02   1.4559864e+02
   3.0000000e+01   1.8000000e+02   0.0000000e+00   3.1470690e+02   1.7735724e+02
   6.0000000e+01   1.8000000e+02   0.0000000e+00   3.2462349e+02   2.0927225e+02
   9.0000000e+01   1.8000000e+02   0.0000000e+00   3.3458058e+02   2.4109055e+02
   1.2000000e+02   1.8000000e+02   0.0000000e+00   3.4466307e+02   2.7264133e+02
   1.5000000e+02   1.8000000e+02   0.0000000e+00   3.5479051e+02   3.0469266e+02
   0.0000000e+00   1.5000000e+02   0.0000000e+00   2.8560292e+02   1.4767580e+02
   3.0000000e+01   1.5000000e+02   0.0000000e+00   2.9578147e+02   1.8050983e+02
   6.0000000e+01   1.5000000e+02   0.0000000e+00   3.0622773e+02   2.1362250e+02
   9.0000000e+01   1.5000000e+02   0.0000000e+00   3.1648765e+02   2.4657946e+02
   1.2000000e+02   1.5000000e+02   0.0000000e+00   3.2697393e+02   2.7968903e+02
   1.5000000e+02   1.5000000e+02   0.0000000e+00   3.3749196e+02   3.1290974e+02
   0.0000000e+00   1.2000000e+02   0.0000000e+00   2.6472535e+02   1.4957719e+02
   3.0000000e+01   1.2000000e+02   0.0000000e+00   2.7540916e+02   1.8390649e+02
   6.0000000e+01   1.2000000e+02   0.0000000e+00   2.8605710e+02   2.1844230e+02
   9.0000000e+01   1.2000000e+02   0.0000000e+00   2.9687762e+02   2.5293629e+02
   1.2000000e+02   1.2000000e+02   0.0000000e+00   3.0756591e+02   2.8729965e+02
   1.5000000e+02   1.2000000e+02   0.0000000e+00   3.1868139e+02   3.2210723e+02
   0.0000000e+00   9.0000000e+01   0.0000000e+00   2.4221871e+02   1.5186239e+02
   3.0000000e+01   9.0000000e+01   0.0000000e+00   2.5311396e+02   1.8758533e+02
   6.0000000e+01   9.0000000e+01   0.0000000e+00   2.6435307e+02   2.2375949e+02
   9.0000000e+01   9.0000000e+01   0.0000000e+00   2.7555979e+02   2.5954682e+02
   1.2000000e+02   9.0000000e+01   0.0000000e+00   2.8681186e+02   2.9566099e+02
   1.5000000e+02   9.0000000e+01   0.0000000e+00   2.9838448e+02   3.3170279e+02
   0.0000000e+00   6.0000000e+01   0.0000000e+00   2.1750142e+02   1.5437272e+02
   3.0000000e+01   6.0000000e+01   0.0000000e+00   2.2922072e+02   1.9176898e+02
   6.0000000e+01   6.0000000e+01   0.0000000e+00   2.4075881e+02   2.2946452e+02
   9.0000000e+01   6.0000000e+01   0.0000000e+00   2.5251656e+02   2.6708742e+02
   1.2000000e+02   6.0000000e+01   0.0000000e+00   2.6434751e+02   3.0445713e+02
   1.5000000e+02   6.0000000e+01   0.0000000e+00   2.7646782e+02   3.4248821e+02
   0.0000000e+00   3.0000000e+01   0.0000000e+00   1.9038872e+02   1.5690490e+02
   3.0000000e+01   3.0000000e+01   0.0000000e+00   2.0259644e+02   1.9627304e+02
   6.0000000e+01   3.0000000e+01   0.0000000e+00   2.1486168e+02   2.3582855e+02
   9.0000000e+01   3.0000000e+01   0.0000000e+00   2.2731607e+02   2.7489150e+02
   1.2000000e+02   3.0000000e+01   0.0000000e+00   2.3963420e+02   3.1464458e+02
   1.5000000e+02   3.0000000e+01   0.0000000e+00   2.5219207e+02   3.5423306e+02
   0.0000000e+00   0.0000000e+00   0.0000000e+00   1.6049573e+02   1.5955317e+02
   3.0000000e+01   0.0000000e+00   0.0000000e+00   1.7354750e+02   2.0099630e+02
   6.0000000e+01   0.0000000e+00   0.0000000e+00   1.8652173e+02   2.4252979e+02
   9.0000000e+01   0.0000000e+00   0.0000000e+00   1.9948663e+02   2.8381596e+02
   1.2000000e+02   0.0000000e+00   0.0000000e+00   2.1250716e+02   3.2546081e+02
   1.5000000e+02   0.0000000e+00   0.0000000e+00   2.2564711e+02   3.6720937e+02
